# Update this file with the result of your calibration

image_width: 1440 # 1440
image_height: 1080 # 1080
camera_name: left_flir
camera_matrix:
  rows: 3
  cols: 3
  data: [642.6349971822194, 0.0, 678.84770007884, 0.0, 643.1057336853257, 515.8977674458265, 0.0, 0.0, 1.0]
distortion_model: equidistant
distortion_coefficients:
  rows: 1
  cols: 4
  data: [-0.004366907941151948, 0.018455813441520988, -0.015192326361817613, 0.004296568103961722]
rectification_matrix:
  rows: 3
  cols: 3
  data: [1.0, 0.0, 0.0, 0.0, 1.0, 0.0, 0.0, 0.0, 1.0]
projection_matrix:
  rows: 3
  cols: 4
  data: [642.6349971822194, 0.0, 678.84770007884, 0.0, 0.0, 643.1057336853257, 515.8977674458265, 0.0, 0.0, 0.0, 1.0, 0.0]
